0 0.923999 3.254774 -5.607376
1 0.962670 6.159082 1.155183
2 0.962670 6.159082 1.155183
3 0.962670 6.159076 1.155189
4 0.962672 6.159148 1.155219
5 0.962694 6.181047 1.146892
6 0.962654 6.155905 1.167747
7 0.960130 6.070420 1.372746
8 0.918945 6.817886 6.409863
9 0.918957 6.817916 6.410006
10 0.918957 6.817934 6.409994
11 0.925377 6.478915 0.105557
12 0.926239 6.475696 0.148109
13 0.940045 3.740499 5.235759
14 0.962763 6.280109 0.097957
15 0.962763 6.280092 0.097951
16 0.962764 6.279960 0.097957
17 0.962764 6.279966 0.097862
18 0.962761 6.280443 0.098482
19 0.962745 6.282893 0.015685
20 0.962762 6.276652 0.234613
21 0.965521 0.033167 0.183710
22 0.965521 0.033167 0.183710
23 0.962776 6.276688 0.074801
24 0.962776 6.276688 0.074801
25 0.962776 6.276688 0.074801
26 0.962776 6.276247 0.075027
27 0.962775 6.277433 0.073931
28 0.962776 6.276021 0.137261
29 0.962775 6.276635 0.136545
30 0.962775 6.274715 0.202259
31 0.962684 6.278154 0.335374
32 0.962771 6.278071 0.136593
33 0.962776 6.275848 0.132588
34 0.962776 6.275848 0.132588
35 0.962775 6.277278 0.107923
36 0.962775 6.277278 0.107923
37 0.962769 6.256828 0.537291
38 0.962769 6.256828 0.537291
39 0.962686 6.278065 0.335297
40 0.962684 6.278166 0.335148
41 0.962684 6.278166 0.335148
42 0.962752 6.253788 0.477782
43 0.962739 0.492045 6.264147
44 0.962758 6.258032 0.543681
45 0.962766 6.268642 0.256464
46 0.962764 6.267086 0.285771
47 0.962747 6.264982 0.286177
48 0.962775 6.276682 0.124004
49 0.962775 6.276682 0.124004
50 0.962775 6.276682 0.124004
51 0.962775 6.276682 0.124004
52 0.962775 6.276682 0.124100
53 0.983894 0.043270 0.119606
54 0.989109 0.028560 0.100520
55 0.989108 0.028470 0.100550
56 0.989108 0.028470 0.100550
57 0.989185 0.028482 0.100163
58 0.989185 0.028482 0.100163
59 0.989183 0.028488 0.100169
60 0.962771 6.258223 0.456455
61 0.962721 6.283340 0.138214
62 0.962776 6.258282 0.486770
63 0.962776 6.258092 0.486770
64 0.962771 6.278190 0.130573
65 0.962767 6.279335 0.105408
66 0.962603 6.253371 0.685313
67 0.962736 6.277427 0.280735
68 0.974001 0.096437 0.130007
69 0.975330 0.088057 0.130758
70 0.990273 3.127214 0.221559
71 0.990273 3.127214 0.221559
72 0.990272 3.127208 0.221559
73 0.985943 0.040355 0.111720
74 0.985864 0.040361 0.112072
75 0.986628 0.002691 0.115809
76 0.986628 0.002691 0.115809
77 0.981591 0.015470 0.135151
78 0.962776 6.254932 0.520614
79 0.981581 0.015792 0.135151
80 0.987013 3.188095 0.228277
81 0.987013 3.188095 0.228277
82 0.987121 3.187010 0.229976
83 0.989457 3.128406 0.496224
84 0.989346 3.130314 0.496247
85 0.989347 3.130183 0.496969
86 0.986504 3.125534 0.689116
87 0.986518 3.125402 0.689170
88 0.986444 3.126147 0.688592
89 0.986424 3.126296 0.688675
90 0.986120 3.125247 0.704566
91 0.986857 3.143129 0.587800
92 0.984941 3.132984 0.709686
93 0.990284 3.130648 0.229082
94 0.990284 3.130648 0.229082
95 0.990284 3.130540 0.222924
96 0.984716 3.133074 0.716218
97 0.972812 3.264424 0.228038
98 0.972844 3.264299 0.228027
99 0.988746 3.162024 0.319090
100 0.989232 3.154907 0.321355
101 0.981060 3.152815 0.727317
102 0.986078 3.196189 0.223747
103 0.998922 0.003329 0.032654
104 0.998925 0.003275 0.032619
105 0.999285 0.003275 0.026521
106 0.985872 3.151289 0.587574
107 0.986484 3.194669 0.197414
108 0.986507 3.194478 0.197425
109 0.986818 3.191564 0.202194
110 0.989973 3.149751 0.203195
111 0.989254 0.198451 3.164676
112 0.989254 0.198451 3.164676
113 0.989254 0.198415 3.164682
114 0.989861 3.141674 0.332835
115 0.979278 3.166261 0.708774
116 0.985594 3.129599 0.703469
117 0.985594 3.129599 0.703463
118 0.985395 3.125838 0.726429
119 0.985395 3.125838 0.726429
120 0.981259 3.155735 0.709739
121 0.990283 3.135315 0.112256
122 0.990283 3.135315 0.112250
123 0.990283 3.135344 0.112250
124 0.990283 3.135344 0.112256
125 0.990283 3.135344 0.112256
126 0.990283 3.135344 0.112256
127 0.990283 3.135344 0.112256
128 0.990264 3.130695 0.143251
129 0.990263 3.130576 0.143340
130 0.987960 0.002399 0.109866
131 0.987670 0.010327 0.110736
132 0.983528 3.164467 0.603905
133 0.983528 3.164467 0.603905
134 0.985983 3.149435 0.592849
135 0.986611 3.188416 0.268593
136 0.985979 3.198502 0.200483
137 0.984900 3.151736 0.622574
138 0.984882 3.158662 0.587115
139 0.979730 3.134748 0.828597
140 0.989826 3.151891 0.227550
141 0.989915 3.142563 0.310573
142 0.980839 3.128901 0.828674
143 0.982621 3.126779 0.797942
144 0.962771 6.274864 0.031713
145 0.962771 6.274876 0.031719
146 0.989565 3.149483 0.318661
147 0.962772 6.274882 0.031736
148 0.990096 3.152189 0.029215
149 0.990144 3.150317 0.028500
150 0.962772 6.267634 0.307253
151 0.983244 3.164837 0.611141
152 0.983224 3.164944 0.611243
153 0.984592 3.212091 0.130329
154 0.984602 3.212038 0.130078
155 0.984787 3.210989 0.124767
156 0.989766 3.153280 0.227460
157 0.983777 3.198806 0.369051
158 0.990284 3.126946 0.273147
159 0.990284 3.126565 0.273141
160 0.990284 3.126565 0.273141
161 0.990284 3.126571 0.273135
162 0.989398 3.152058 0.322738
163 0.989457 3.152242 0.310805
164 0.989219 3.163406 0.225583
165 0.990121 3.150740 0.063875
166 0.990121 3.150740 0.063875
167 0.990229 3.129247 0.103596
168 0.990121 3.150740 0.063887
169 0.990276 3.128597 0.209531
170 0.990268 3.127262 0.309381
171 0.990268 3.127256 0.309381
172 0.990268 3.127256 0.309381
173 0.990278 3.125665 0.309393
174 0.990278 3.125665 0.309393
175 0.990263 3.127256 0.315484
176 0.990204 3.127071 0.358298
177 0.990275 3.128508 0.208989
178 0.994723 0.025395 0.068089
179 0.990281 3.132781 0.217059
180 0.990281 3.132793 0.217065
181 0.990282 3.132418 0.216332
182 0.990251 3.139374 0.176147
183 0.997807 0.007793 0.046167
184 0.990261 3.129479 0.161704
185 0.990260 3.129384 0.161394
186 0.990273 3.130993 0.160602
187 0.990281 3.132776 0.217071
188 0.990281 3.133080 0.213489
189 0.990281 3.132913 0.214317
190 0.990278 3.133544 0.217077
191 0.990281 3.133080 0.210050
192 0.990283 3.135654 0.112537
193 0.990283 3.135440 0.112537
194 0.990283 3.135410 0.112566
195 0.990283 3.135434 0.112566
196 0.990230 3.143773 0.115696
197 0.990230 3.143808 0.115302
198 0.990194 3.132054 0.317100
199 0.990251 3.133550 0.259498
200 0.990272 3.125998 0.317004
201 0.990096 3.132030 0.357303
202 0.990108 3.131649 0.356397
203 0.990202 3.129378 0.338462
204 0.989889 3.156886 0.102708
205 0.989889 3.156886 0.102708
206 0.990061 3.147087 0.202230
207 0.990060 3.147099 0.202271
208 0.990042 3.147623 0.203475
209 0.990042 3.147623 0.203475
210 0.990042 3.147623 0.203475
211 0.987235 2.590725 1.670751
212 0.990042 3.147623 0.203475
213 0.990054 3.147218 0.203589
214 0.990065 3.146812 0.204334
215 0.990201 3.141102 0.203601
216 0.990227 3.136179 0.250015
217 0.990277 3.141102 0.008294
218 0.991892 0.072953 0.052914
219 0.988362 3.175369 0.216731
220 0.990116 3.144857 0.205860
221 0.990256 3.126302 0.206783
222 0.990256 3.126302 0.206783
223 0.990256 3.126302 0.206789
224 0.989187 3.170744 0.086662
225 0.989207 3.170750 0.074455
226 0.990284 3.126809 0.266150
227 0.990284 3.126785 0.266150
228 0.990805 0.088593 0.036946
229 0.997034 0.050661 0.019988
230 0.990252 3.130588 0.292471
231 0.990280 3.135988 0.052795
232 0.990089 3.152523 0.021866
233 0.989822 3.152713 0.217178
234 0.990272 3.134415 0.218824
235 0.990269 3.134796 0.219259
236 0.996356 0.052330 0.030103
237 0.996018 0.057504 0.026014
238 0.996040 0.057313 0.026014
239 0.990226 3.135738 0.255969
240 0.990226 3.135738 0.255969
241 0.994972 0.003949 0.070819
242 0.995726 0.035545 0.054887
243 0.995726 0.035545 0.054887
244 0.995726 0.035545 0.054887
245 0.998434 0.035259 0.017956
246 0.998565 0.034192 0.016287
247 0.998571 0.034192 0.016096
248 0.998822 0.028285 0.019434
249 0.999206 0.026795 0.008705
250 0.999149 0.027332 0.010166
251 0.998823 0.028321 0.019339
252 0.999028 0.026569 0.016287
253 0.999028 0.026569 0.016287
254 0.999028 0.026605 0.016221
255 0.998749 0.032613 0.013646
256 0.992657 0.051013 0.068930
257 0.992444 0.048050 0.072518
258 0.996323 0.034001 0.050220
259 0.992428 0.047395 0.073060
260 0.998717 0.035366 0.005606
261 0.990282 3.127185 0.247094
262 0.999360 0.024995 0.003871
263 0.990282 3.127262 0.246790
264 0.990282 3.125629 0.267610
265 0.999011 0.031182 0.004032
266 0.999011 0.031182 0.004032
267 0.999011 0.031182 0.004038
268 0.998929 0.031945 0.007084
269 0.993543 0.080076 0.007233
270 0.998845 0.029805 0.016299
271 0.990280 3.136340 0.001720
272 0.990277 3.135839 0.001863
273 0.990279 3.139398 0.091413
274 0.990272 3.140530 0.095633
275 0.999180 0.026605 0.010571
276 0.997929 0.029179 0.034907
277 0.993570 0.075427 0.027350
278 0.998439 0.028500 0.027350
279 0.999671 0.015315 0.009724
280 0.999283 0.026640 0.002572
281 0.999288 0.026545 0.002572
282 0.997693 0.047961 0.002554
283 0.996323 0.015494 0.058630
284 0.999182 0.008002 0.027445
285 0.995586 0.059870 0.028840
286 0.995586 0.059882 0.028810
287 0.999098 0.001958 0.029954
288 0.999142 0.002643 0.029168
289 0.999975 0.002286 0.004467
290 0.999575 0.005999 0.019720
291 0.999094 0.002000 0.030026
292 0.999339 0.005338 0.025132
293 0.999339 0.005338 0.025138
294 0.998976 0.004670 0.031647
295 0.998941 0.005981 0.031975
296 0.996537 0.050732 0.029835
297 0.990273 3.133962 0.222775
298 0.993471 0.075147 0.029835
299 0.993471 0.075147 0.029835
300 0.997203 0.002190 0.052837
301 0.990251 3.130981 0.102171
302 0.999981 0.001904 0.003895
303 0.997776 0.046960 0.004271
304 0.999961 0.002822 0.005528
305 0.999962 0.002822 0.005433
306 0.999743 0.015029 0.005528
307 0.991759 0.058332 0.069663
308 0.991180 0.067326 0.065610
309 0.991180 0.067326 0.065610
310 0.992668 0.055119 0.065610
311 0.992498 0.056645 0.065610
312 0.999875 0.006065 0.009397
313 0.998616 0.012377 0.035074
314 0.998615 0.012389 0.035086
315 0.999081 0.026026 0.015530
316 0.999923 0.008062 0.003389
317 0.999923 0.008062 0.003400
318 0.999736 0.002155 0.016102
319 0.999736 0.002149 0.016096
320 0.999760 0.001153 0.015429
321 0.999754 0.001296 0.015625
322 0.999338 0.011101 0.023207
323 0.999338 0.011101 0.023207
324 0.997878 0.041458 0.020060
325 0.997842 0.044426 0.013545
326 0.997905 0.045201 0.007132
327 0.997842 0.044426 0.013545
328 0.997659 0.048342 0.001791
329 0.997139 0.002906 0.053409
330 0.997135 0.002894 0.053445
331 0.997111 0.002369 0.053695
332 0.999184 0.002095 0.028470
333 0.999194 0.002179 0.028303
334 0.999184 0.002095 0.028470
335 0.999240 0.002167 0.027475
336 0.999227 0.002095 0.027707
337 0.997712 0.046560 0.010952
338 0.998851 0.018331 0.028500
339 0.998851 0.018331 0.028500
340 0.993848 0.078461 0.001612
341 0.997209 0.008467 0.052145
342 0.993561 0.079951 0.007370
343 0.990284 3.138957 0.010756
344 0.990284 3.128049 0.248721
345 0.990276 3.135094 0.053838
346 0.990282 3.136012 0.153610
347 0.994070 0.076732 0.006959
348 0.998849 0.018463 0.028458
349 0.998679 0.009820 0.034985
350 0.998849 0.018463 0.028458
351 0.998846 0.018463 0.028506
352 0.998847 0.018492 0.028458
353 0.998847 0.018492 0.028458
354 0.998847 0.018492 0.028458
355 0.998847 0.018492 0.028458
356 0.998619 0.022683 0.029424
357 0.998616 0.022772 0.029400
358 0.997652 0.035426 0.033060
359 0.996542 0.058636 0.004467
360 0.990775 0.091788 0.028631
361 0.990775 0.091788 0.028631
362 0.990495 0.093308 0.028625
363 0.989637 3.158972 0.181273
364 0.987542 3.132758 0.608882
365 0.990261 3.136095 0.212935
366 0.987328 3.192386 0.080535
367 0.989970 3.125474 0.440672
368 0.989970 3.125474 0.440672
369 0.989616 3.156182 0.230333
370 0.989593 3.129658 0.471839
371 0.989693 3.134713 0.422308
372 0.989920 3.128108 0.431666
373 0.986671 3.134886 0.638321
374 0.990263 3.136715 0.201079
375 0.990263 3.136715 0.201079
376 0.990275 3.135142 0.201079
377 0.989860 3.159121 0.031421
378 0.990038 3.154263 0.016567
379 0.990038 3.154263 0.016591
380 0.998845 0.029644 0.016591
381 0.998858 0.029644 0.016209
382 0.989400 3.159902 0.233296
383 0.989042 3.143379 0.440297
384 0.990049 3.129569 0.391617
385 0.990049 3.129569 0.391617
386 0.990257 3.134164 0.245628
387 0.990257 3.134164 0.245628
388 0.990271 3.135863 0.198284
389 0.990271 3.135863 0.198284
390 0.990272 3.135774 0.198296
391 0.990272 3.135774 0.198296
392 0.990198 3.135482 0.278798
393 0.990198 3.135482 0.278798
394 0.990209 3.126660 0.138363
395 0.990217 3.126708 0.148591
396 0.990284 0.154254 3.134129
397 0.990200 3.125683 0.149021
398 0.990282 3.135821 0.087729
399 0.990282 3.135815 0.090781
400 0.990282 3.135821 0.087729
401 0.997376 0.050035 0.010982
402 0.997352 0.050190 0.011346
403 0.990282 3.135821 0.086203
404 0.990282 3.135821 0.086203
405 0.995521 0.066754 0.004980
406 0.999205 0.010869 0.026008
407 0.999166 0.011632 0.026414
408 0.992655 0.066558 0.054088
409 0.992658 0.066534 0.054088
410 0.990281 3.136769 0.023332
411 0.994723 0.056580 0.045606
412 0.990284 3.125861 0.287601
413 0.990284 3.125861 0.287601
414 0.990284 3.125903 0.287536
415 0.990284 3.125903 0.287536
416 0.990284 3.125903 0.287536
417 0.990281 3.136954 0.145522
418 0.990276 3.135237 0.046971
419 0.990274 3.134850 0.047579
420 0.990283 3.128699 0.261119
421 0.990268 3.132001 0.256798
422 0.995967 0.062296 0.012401
423 0.995964 0.062314 0.012413
424 0.995964 0.062314 0.012413
425 0.997168 0.053152 0.002566
426 0.997088 0.053909 0.002375
427 0.993439 0.040600 0.070146
428 0.991247 0.092706 0.013265
429 0.991247 0.092706 0.013265
430 0.990274 3.134510 0.211677
431 0.990284 3.127030 0.267878
432 0.990284 3.127030 0.267878
433 0.990284 3.138003 0.044826
434 0.990284 3.135809 0.111511
435 0.990284 3.138742 0.014016
436 0.990284 3.136042 0.111935
437 0.990284 3.136042 0.111958
438 0.990276 3.140673 0.063869
439 0.995541 0.023016 0.062701
440 0.995374 0.050458 0.045636
441 0.990284 3.132108 0.190601
442 0.990284 3.132156 0.190660
443 0.990163 3.148893 0.067005
444 0.990284 3.137639 0.065097
445 0.990271 3.134570 0.038800
446 0.990271 3.134570 0.038776
447 0.990271 3.134641 0.038448
448 0.990283 3.126666 0.258520
449 0.990283 3.126666 0.258520
450 0.990283 3.126666 0.258520
451 0.990613 0.051698 0.082067
452 0.990279 3.139886 0.070021
453 0.990284 3.137645 0.068155
454 0.990279 3.139886 0.073066
455 0.990254 3.143916 0.026563
456 0.990281 3.140006 0.037268
457 0.990281 3.140006 0.037268
458 0.990268 3.134200 0.039616
459 0.990273 3.127548 0.216916
460 0.990272 3.127530 0.216946
461 0.990280 3.125998 0.256673
462 0.990284 3.128359 0.259325
463 0.990270 3.134391 0.222734
464 0.990270 3.134391 0.222734
465 0.990272 3.141067 0.075808
466 0.990270 3.134391 0.222734
467 0.990270 3.134391 0.222734
468 0.990272 3.134808 0.027421
469 0.990283 3.134808 0.125077
470 0.998185 0.018540 0.038353
471 0.990283 3.134754 0.124899
472 0.990282 3.134665 0.124720
473 0.990243 3.144690 0.039008
474 0.990270 3.134438 0.044510
475 0.989597 3.164932 0.008884
476 0.990196 3.147152 0.072172
477 0.990196 3.147152 0.072172
478 0.998310 0.040230 0.008389
479 0.990274 3.134629 0.060639
480 0.991304 0.079003 0.049713
481 0.991257 0.079212 0.049856
482 0.990281 3.127912 0.236478
483 0.990210 3.126893 0.356790
484 0.990210 3.126893 0.356790
485 0.990213 3.126893 0.355265
486 0.990226 3.126034 0.355509
487 0.999137 0.029269 0.002334
488 0.990278 3.140923 0.004652
489 0.990235 3.131417 0.005075
490 0.990275 3.131756 0.152352
491 0.990257 3.140310 0.147167
492 0.990215 3.126755 0.355288
493 0.990215 3.126755 0.355288
494 0.990194 3.128013 0.354531
495 0.990224 3.126261 0.354519
496 0.990280 3.136715 0.153986
497 0.990280 3.136715 0.153938
498 0.990219 3.126565 0.354502
499 0.990216 3.129134 0.079253
