0 0.942724 -5.603451 -3.143508
1 0.990208 1.362823 -2.817387
2 0.947357 1.716502 -5.903432
3 0.961981 -6.306118 0.063997
4 0.962452 3.190116 -5.384362
5 0.990220 3.141095 -0.185622
6 0.990220 3.141095 -0.185622
7 0.986696 2.505194 -1.989370
8 0.996529 -0.058906 -0.001454
9 0.989410 2.858584 -1.221543
10 0.999538 0.021292 -0.002872
11 0.989885 2.986014 1.029969
12 0.989074 2.763094 1.561128
13 0.989803 2.816355 1.334076
14 0.988074 3.127657 0.606712
15 0.976848 3.017580 -0.149322
16 0.989781 3.100523 -0.308738
17 0.962749 6.251030 0.509350
18 0.962775 6.273235 -0.242401
19 0.962765 6.280436 -0.049104
20 0.962774 6.268331 -0.355640
21 0.962631 6.254953 -0.348591
22 0.962210 6.244694 -0.311013
23 0.960931 6.041570 1.530941
24 0.988974 3.063060 -0.489665
25 0.952373 6.165684 -0.257828
26 0.952373 6.165684 -0.257828
27 0.957562 6.061998 -1.310827
28 0.938109 6.103552 -0.347950
29 0.961270 6.226810 -0.353487
30 0.962705 6.276311 -0.346686
31 0.960713 6.198872 -0.621559
32 0.962699 6.248979 -0.488684
33 0.962552 6.227740 -0.650280
34 0.962481 6.236374 -0.535362
35 0.962725 6.257761 -0.387208
36 0.962400 6.245264 -0.383311
37 0.958535 6.197511 -0.385323
38 0.951910 6.156580 -0.387047
39 0.954422 6.095933 1.028688
40 0.962774 6.101936 -1.479006
41 0.962735 6.260066 -0.361810
42 0.961506 6.066692 -1.460957
43 0.962617 6.093015 -1.453851
44 0.961940 6.297807 -0.344165
45 0.962523 6.225794 0.659593
46 0.962523 6.225794 0.659593
47 0.961223 6.066734 -1.443991
48 0.957717 6.085453 -1.203049
49 0.944481 6.092949 -0.728255
50 0.962051 6.026177 -1.854668
51 0.957712 6.032329 -1.987109
52 0.952192 6.043882 -1.241878
53 0.962703 6.081438 1.518899
54 0.961499 6.307557 -0.291553
55 0.962439 6.246942 -0.373128
56 0.962736 6.279427 -0.231195
57 0.962761 6.273008 -0.319801
58 0.962775 6.267584 -0.327973
59 0.961858 6.222460 -0.538013
60 0.960997 6.224245 -0.336318
61 0.952651 6.162984 -0.342749
62 0.962775 6.109974 -1.435235
63 0.957075 6.091588 1.813220
64 0.961884 6.104579 -1.322150
65 0.962775 6.116317 -1.416582
66 0.962713 6.097755 -1.454889
67 0.962306 6.100930 -1.378091
68 0.960804 6.229738 -0.126115
69 0.962664 6.256608 -0.345616
70 0.962764 6.260241 -0.409014
71 0.962728 6.258728 -0.374413
72 0.962679 6.257432 -0.344755
73 0.962756 6.262636 -0.351254
74 0.988781 3.156116 -0.369214
75 0.962768 6.112281 -1.442065
76 0.962509 6.104302 -1.534117
77 0.961501 6.120056 -1.217889
78 0.959310 6.117072 -1.660266
79 0.961092 6.121891 -1.179700
80 0.961870 6.148991 -1.409324
81 0.961870 6.148991 -1.409324
82 0.961282 6.306284 -0.373398
83 0.962770 6.249115 -0.619702
84 0.962756 6.269614 -0.391110
85 0.962402 6.242004 -0.433799
86 0.960456 6.215592 -0.378475
87 0.960889 6.125244 -1.148656
88 0.962712 6.257369 -0.379568
89 0.962712 6.257369 -0.379568
90 0.962776 6.187116 1.062915
91 0.962775 6.144141 -1.280399
92 0.959958 6.215921 -0.274903
93 0.959142 6.141940 -0.946938
94 0.961507 6.303275 -0.370930
95 0.962446 6.151184 1.152844
96 0.958471 6.199476 -0.343162
97 0.957504 6.156129 -1.568057
98 0.962550 6.151350 1.326623
99 0.962628 6.156925 -1.155921
100 0.962765 6.150179 1.238738
101 0.961366 6.150443 -1.437432
102 0.961813 6.151897 -1.073834
103 0.962774 6.152525 -1.251993
104 0.962755 6.151603 -1.224980
105 0.962729 6.259539 -0.362939
106 0.962726 6.275923 -0.328412
107 0.988675 3.034127 -0.948727
108 0.962742 6.247965 -0.537785
109 0.962772 6.267785 -0.376508
110 0.962775 6.270368 -0.308793
111 0.962629 6.237005 0.586752
112 0.962484 6.249346 -0.354752
113 0.962617 6.259709 -0.233612
114 0.962737 6.276152 -0.305588
115 0.962776 6.268711 -0.320792
116 0.962766 6.264686 -0.339525
117 0.962737 6.255178 0.440859
118 0.962231 6.243500 -0.342703
119 0.961525 6.230078 -0.358838
120 0.959626 6.209121 -0.347491
121 0.962681 6.180511 1.153611
122 0.962544 6.176442 1.027571
123 0.962718 6.174361 -1.174260
124 0.989745 3.145334 -0.323376
125 0.962503 6.179218 -1.002279
126 0.962538 6.180746 -1.000076
127 0.962523 6.180141 1.000727
128 0.959464 6.179278 -0.687003
129 0.962591 6.254933 -0.318090
130 0.962775 6.269081 -0.302168
131 0.962775 6.181030 -1.087315
132 0.962575 6.181514 -1.173252
133 0.962775 6.193825 1.012009
134 0.962487 6.008403 -1.877146
135 0.958718 6.204197 -0.289579
136 0.962063 6.181215 -1.242674
137 0.961837 6.178967 -0.907929
138 0.989309 3.155603 -0.301992
139 0.957927 6.184866 -0.496731
140 0.962479 6.185293 -1.170369
141 0.962729 6.264388 -0.266314
142 0.962724 6.263945 -0.267470
143 0.961342 6.181190 -0.838575
144 0.962120 6.180777 1.239136
145 0.962741 6.265148 -0.270357
146 0.962773 6.264511 -0.367433
147 0.962752 6.264817 -0.301909
148 0.962775 6.272465 -0.268912
149 0.962358 6.249567 -0.281697
150 0.961779 6.237047 -0.301704
151 0.962660 6.188088 0.984924
152 0.960816 6.223824 -0.302160
153 0.962303 6.189611 0.898968
154 0.962730 6.197770 -1.038714
155 0.961942 6.198648 -0.776983
156 0.961942 6.198648 -0.776983
157 0.961702 6.193382 0.786335
158 0.962345 6.196724 -1.128852
159 0.962345 6.196724 -1.128852
160 0.962771 6.195175 0.996763
161 0.989825 3.145876 -0.299630
162 0.962700 6.276531 -0.348955
163 0.962762 6.263459 -0.351774
164 0.962701 6.277489 -0.330001
165 0.962765 6.194735 1.034929
166 0.962749 6.213234 -0.854511
167 0.961726 6.206578 -0.677811
168 0.962707 6.261115 -0.304965
169 0.962630 6.282992 -0.289980
170 0.962744 6.261576 -0.347919
171 0.962774 6.267569 -0.317231
172 0.962720 6.261508 -0.313886
173 0.962700 6.278329 -0.314804
174 0.962355 6.247998 -0.313229
175 0.962396 6.189325 0.916993
176 0.962107 6.184971 1.219400
177 0.962727 6.190267 -1.083524
178 0.962716 6.277944 -0.301283
179 0.962776 6.264077 -0.394940
180 0.962775 6.268676 -0.308171
181 0.962768 6.266552 -0.309573
182 0.962768 6.266552 -0.309573
183 0.962484 6.193650 1.124501
184 0.962706 6.219214 -0.784179
185 0.961638 6.211050 -0.621855
186 0.960860 6.219898 -0.382951
187 0.962555 6.201364 -0.867235
188 0.962766 6.264196 -0.348736
189 0.960517 6.188568 -0.697708
190 0.959801 6.194472 -0.568238
191 0.958883 6.199798 -0.394176
192 0.958883 6.199798 -0.394176
193 0.962645 6.196053 -0.928515
194 0.962732 6.192876 -1.066608
195 0.962751 6.193482 -1.052697
196 0.962624 6.188005 -0.974863
197 0.962755 6.189601 -1.015676
198 0.962772 6.191331 -1.046814
199 0.962613 6.191487 -0.949492
200 0.962288 6.187906 -0.908253
201 0.960028 6.188889 -0.647682
202 0.962731 6.179585 1.141540
203 0.962666 6.175756 1.183113
204 0.962549 6.178587 1.193553
205 0.962635 6.178710 1.175226
206 0.962184 6.185219 -0.910486
207 0.962669 6.186266 -1.126022
208 0.960957 6.182263 0.792383
209 0.960957 6.182263 0.792383
210 0.962682 6.185408 1.008490
211 0.961416 6.184177 0.824053
212 0.958131 6.182129 -0.547510
213 0.957263 6.183069 -0.457651
214 0.956892 6.182828 -0.425089
215 0.962667 6.183840 -1.013281
216 0.962618 6.183804 -1.152126
217 0.962372 6.182743 -1.199530
218 0.962527 6.182111 -0.989212
219 0.959781 6.180769 -0.700047
220 0.958992 6.181268 -0.629420
221 0.961002 6.092508 -1.317767
222 0.958149 6.180466 -0.567446
223 0.962172 6.150576 -1.376310
224 0.962478 6.173717 -1.031108
225 0.962676 6.174110 -1.073693
226 0.962598 6.253009 -0.358959
227 0.962552 6.177671 -1.021734
228 0.962771 6.175626 -1.111845
229 0.961083 6.156856 -0.980245
230 0.961083 6.156856 -0.980245
231 0.962282 6.169461 -1.277024
232 0.962775 6.163650 -1.181966
233 0.962775 6.163650 -1.181966
234 0.961021 6.167683 -0.904311
235 0.959706 6.206788 -0.398712
236 0.956967 6.163383 -0.653504
237 0.962508 6.279299 -0.432051
238 0.962721 6.252516 -0.460632
239 0.962722 6.267385 -0.466884
240 0.962707 6.267484 -0.479443
241 0.962711 6.252013 -0.457807
242 0.960485 6.210767 -0.455074
243 0.960445 6.210533 -0.452355
244 0.962743 6.172883 -1.106017
245 0.962743 6.172883 -1.106017
246 0.962739 6.165516 -1.144574
247 0.962739 6.165516 -1.144574
248 0.962727 6.172417 -1.101085
249 0.962727 6.172417 -1.101085
250 0.962776 6.167391 -1.169774
251 0.962702 6.170264 -1.201142
252 0.961751 6.170156 -0.956721
253 0.958607 6.169540 -0.708189
254 0.959426 6.170495 0.759079
255 0.957557 6.170267 -0.627300
256 0.956975 6.170467 -0.583405
257 0.959730 6.170745 -0.779671
258 0.962739 6.268615 -0.432082
259 0.962726 6.268438 -0.448841
260 0.962640 6.247536 -0.467724
261 0.962768 6.263439 -0.456303
262 0.962729 6.252625 -0.466973
263 0.962772 6.263407 -0.444414
264 0.962772 6.263407 -0.444414
265 0.962771 6.228752 -0.796911
266 0.962657 6.272822 -0.443544
267 0.962392 6.241249 -0.440656
268 0.960389 6.198881 -0.584665
269 0.959648 6.188516 -0.615420
270 0.961794 6.184998 0.860636
271 0.959990 6.188585 0.646895
272 0.962662 6.184042 -1.010475
273 0.962775 6.185081 -1.075777
274 0.961942 6.183411 -0.890070
275 0.960489 6.173640 0.816966
276 0.960489 6.173640 0.816966
277 0.961840 6.182273 -0.885499
278 0.960196 6.181838 -0.726463
279 0.959107 6.181910 -0.632758
280 0.962686 6.178276 1.164216
281 0.962686 6.178276 1.164216
282 0.957864 6.174892 0.603472
283 0.956631 6.179265 -0.450605
284 0.956117 6.174177 -0.473745
285 0.959168 6.169516 -0.748304
286 0.955514 6.172505 -0.445503
287 0.955514 6.172505 -0.445503
288 0.961507 6.169103 0.938929
289 0.957974 6.169277 -0.666119
290 0.956676 6.169285 -0.574401
291 0.961982 6.169430 -0.986972
292 0.961982 6.169430 -0.986972
293 0.959674 6.169300 -0.786913
294 0.957937 6.192611 -0.389682
295 0.962628 6.276264 -0.412458
296 0.962302 6.240668 -0.416228
297 0.962719 6.255411 -0.417077
298 0.962719 6.255411 -0.417077
299 0.961460 6.225357 -0.419372
300 0.956758 6.182396 -0.418144
301 0.956606 6.181394 -0.417904
302 0.961317 6.166359 0.939142
303 0.962614 6.277098 -0.408246
304 0.962690 6.166211 -1.122218
305 0.962699 6.253813 -0.422078
306 0.962585 6.254220 -0.327846
307 0.962100 6.240228 -0.351773
308 0.962733 6.173836 1.096012
309 0.958268 6.167263 -0.704554
310 0.957500 6.188377 -0.405701
311 0.957500 6.188377 -0.405701
312 0.956764 6.171703 -0.554485
313 0.962469 6.172429 -1.237968
314 0.962469 6.172429 -1.237968
315 0.962469 6.172429 -1.237968
316 0.961780 6.172701 -0.943351
317 0.962115 6.292156 -0.384107
318 0.962602 6.250905 -0.395988
319 0.962596 6.250881 -0.392669
320 0.962596 6.250881 -0.392669
321 0.962562 6.279522 -0.401489
322 0.962352 6.242782 -0.402709
323 0.962340 6.242647 -0.400289
324 0.962340 6.242647 -0.400289
325 0.962776 6.262998 -0.416439
326 0.962631 6.250787 -0.416628
327 0.961153 6.221378 -0.416280
328 0.958931 6.198821 -0.415233
329 0.958931 6.198821 -0.415233
330 0.962295 6.286310 -0.414166
331 0.962680 6.253203 -0.415012
332 0.962742 6.184185 -1.040181
333 0.962742 6.184185 -1.040181
334 0.962742 6.184185 -1.040181
335 0.962742 6.184185 -1.040181
336 0.960735 6.187016 -0.732353
337 0.958745 6.190138 -0.510734
338 0.958126 6.192125 -0.418994
339 0.959694 6.185867 -1.365924
340 0.957599 6.185405 -0.458441
341 0.957599 6.185405 -0.458441
342 0.957461 6.185739 -0.440154
343 0.957426 6.186568 -0.424704
344 0.962773 6.181928 -1.098494
345 0.962742 6.185079 -1.105905
346 0.961966 6.184136 -1.237401
347 0.962405 6.184502 -0.950710
348 0.962619 6.153073 -1.174331
349 0.962562 6.278496 -0.417466
350 0.962746 6.184541 -1.040777
351 0.962758 6.200278 0.950966
352 0.962729 6.255994 -0.418880
353 0.962753 6.268333 -0.416383
354 0.962761 6.259172 -0.417415
355 0.962708 6.254469 -0.420826
356 0.962632 6.250500 -0.421348
357 0.962576 6.277026 -0.431626
358 0.962644 6.250355 -0.431278
359 0.961801 6.171703 -0.952076
360 0.960504 6.212602 -0.432284
361 0.959917 6.206651 -0.430884
362 0.959307 6.200557 -0.437152
363 0.962297 6.284680 -0.437442
364 0.958033 6.190032 -0.438997
365 0.957676 6.187173 -0.441804
366 0.957268 6.184253 -0.441782
367 0.956917 6.182653 -0.430038
368 0.956712 6.180210 -0.444957
369 0.956645 6.180010 -0.441546
370 0.956370 6.179426 -0.424005
371 0.956321 6.179144 -0.423479
372 0.956235 6.179079 -0.416204
373 0.957985 6.177150 -1.467875
374 0.962766 6.176894 -1.099059
375 0.961137 6.175731 -0.858344
376 0.962776 6.263966 -0.411538
377 0.962741 6.270060 -0.406901
378 0.962314 6.239051 -0.443722
379 0.962314 6.239051 -0.443722
380 0.959800 6.205223 -0.435288
381 0.957569 6.188584 -0.410088
382 0.956150 6.178895 -0.410830
383 0.956150 6.178895 -0.410830
384 0.955525 6.174789 -0.413677
385 0.954474 6.168453 -0.415314
386 0.962390 6.160123 -1.095351
387 0.954306 6.359143 -0.419718
388 0.962205 6.287957 -0.420251
389 0.962121 6.289774 -0.419292
390 0.959633 6.205313 -0.410851
391 0.957655 6.189060 -0.412306
392 0.956153 6.178738 -0.413447
393 0.956153 6.178738 -0.413447
394 0.962429 6.163371 -1.082931
395 0.959830 6.161864 -0.853926
396 0.957231 6.160071 -0.700356
397 0.961525 6.160811 -0.993489
398 0.962525 6.160622 -1.114811
399 0.961854 6.294981 -0.415771
400 0.962565 6.248166 -0.416993
401 0.959036 6.193214 -0.502993
402 0.956006 6.174408 -0.461333
403 0.954422 6.165049 -0.459127
404 0.954113 6.165068 -0.434725
405 0.953818 6.163445 -0.434420
406 0.953749 6.158343 -0.496925
407 0.953516 6.159133 -0.470628
408 0.953303 6.159282 -0.453322
409 0.953280 6.161020 -0.427267
410 0.957798 6.160264 -0.733895
411 0.956036 6.160102 -0.625815
412 0.953107 6.159970 -0.429077
413 0.953079 6.160039 -0.425903
414 0.960109 6.159955 -0.887051
415 0.959356 6.159768 -0.837052
416 0.962767 6.159670 -1.192062
417 0.954583 6.159790 -0.535687
418 0.957077 6.158998 -0.700318
419 0.962041 6.159768 -1.052130
420 0.953281 6.158042 -0.468261
421 0.953281 6.158042 -0.468261
422 0.952806 6.159053 -0.419352
423 0.952745 6.157607 -0.435594
424 0.952578 6.157010 -0.431690
425 0.952473 6.157083 -0.422837
426 0.952157 6.155851 -0.417247
427 0.957120 6.154186 -0.743889
428 0.952099 6.155215 -0.422241
429 0.952022 6.155074 -0.418669
430 0.954505 6.154609 -0.587591
431 0.953534 6.154583 -0.527937
432 0.952952 6.154645 -0.489471
433 0.953124 6.154406 -0.503728
434 0.952325 6.154508 -0.448546
435 0.952310 6.154460 -0.448097
436 0.952170 6.154491 -0.437749
437 0.952452 6.154507 -0.457392
438 0.952060 6.154575 -0.428658
439 0.952060 6.154575 -0.428658
440 0.952015 6.154517 -0.426214
441 0.956834 6.154428 -0.725371
442 0.955004 6.154423 -0.619261
443 0.953868 6.154426 -0.550689
444 0.952583 6.154429 -0.467435
445 0.952582 6.154427 -0.467382
446 0.962751 6.268140 -0.421995
447 0.952273 6.154408 -0.446213
448 0.952179 6.154410 -0.439563
449 0.952179 6.154410 -0.439563
450 0.952103 6.154412 -0.434066
451 0.962563 6.247583 -0.424526
452 0.962761 6.266880 -0.422925
453 0.960656 6.214973 -0.422443
454 0.960656 6.214973 -0.422443
455 0.960656 6.214973 -0.422443
456 0.960656 6.214973 -0.422443
457 0.955004 6.171047 -0.422589
458 0.953073 6.160237 -0.422612
459 0.952686 6.158200 -0.422627
460 0.952429 6.156876 -0.422612
461 0.952286 6.156137 -0.422645
462 0.952175 6.155572 -0.422687
463 0.952103 6.155203 -0.422702
464 0.952103 6.155203 -0.422702
465 0.961782 6.295727 -0.422808
466 0.961782 6.295727 -0.422808
467 0.962523 6.246344 -0.422786
468 0.960594 6.214254 -0.422787
469 0.958319 6.193355 -0.422780
470 0.957415 6.186625 -0.422777
471 0.955728 6.175426 -0.422764
472 0.955728 6.175426 -0.422764
473 0.954223 6.166518 -0.422764
474 0.953467 6.162338 -0.422764
475 0.953465 6.162325 -0.422761
476 0.953015 6.159916 -0.422760
477 0.952957 6.159612 -0.422757
478 0.952752 6.158534 -0.422758
479 0.952479 6.157123 -0.422753
480 0.952396 6.156693 -0.422754
481 0.952338 6.156409 -0.422573
482 0.952338 6.156409 -0.422573
483 0.952290 6.156208 -0.421948
484 0.952246 6.155999 -0.421732
485 0.952239 6.155973 -0.421547
486 0.952232 6.155913 -0.421898
487 0.952230 6.155904 -0.421901
488 0.952228 6.155892 -0.421906
489 0.952211 6.155861 -0.421127
490 0.952206 6.155845 -0.421029
491 0.952205 6.155851 -0.420793
492 0.952205 6.155851 -0.420793
493 0.952205 6.155851 -0.420793
494 0.952202 6.155844 -0.420708
495 0.952198 6.155830 -0.420605
496 0.952198 6.155830 -0.420605
497 0.952195 6.155823 -0.420523
498 0.952194 6.155820 -0.420474
499 0.952193 6.155815 -0.420482
